"DIA","SEM_COMPROMISSO","DURACAO_DIA","INICIO","FIM","DURACAO_COMPROMISSO","TITULO","LOCAL"
"11-10-2020","Sim","0","""""","""""","""""","""""",""""""
